lodex.

91111111, 9., 111199.9111111111111111111111111111911111)
91111111,11., , 11912911111111
Agricola 85.99.95. 91111111111111811111111,1111111,

albertus 11111111 52. s. 1111111111 1919139. .

Alexander 29. 91111111 ¹ 79
1111111111,111., 92. Curio 29. 98. 79. 71. 191.
1111111 Principis 199193119. 911111111111111111111. 72.
122.123.1)11111 79
1111111111111111 3. 911111111111111111119111191111-
311111111111 39 97. nys.
Baioulous 9911111111 129,
311111 3997. 91111111 111. 2,

31111111111111. Bal„ 99. 11111111 21. 29. 39. 92.,

31111111 7. 19. Dryander 99.
31111311 19111111 139.

’ Book 97.119.118.129122. anemius 97. 79
¹· 1111111111 99 71.199.119.119. 1111111111111111. 19.

. 121. 11111119. 9971 81.199197.118.
191111111111 1139.1111111111911.111111111111. 22.
31111111 137. 1111111111 nomen 17.
1111111111 “ 8. 29. 11111111 9293991172.
111111,1111111111 19. Fagll 11111 scholast. 27.
Bursao 1111 contubernio. 1111111 29.
1111111111 11.12. 11111111111. 5. 9.
calixtus 13. 111111111111. , 19 139199.
Carolus V. 99. 1111111111111. 99199.

9111111111.119132111111111111. 1111. 1111111111. 74.

911111111111111 99199. , 75. 77. 111. 113.
christophorus, 9111111, 71. 121. 111111111 111.1111111111.,191.

, 911111· 79 9111111111 “ 1,37.
9111111 ’ 899. 91. 95. 91111, 11., Com. 111, , 53.. ’

9111111111 39. 91111111 11 Homburg 139.

(tolenus · 1399111111111111 135. ’

Collegla 1111 9111111191.911111111111,11.,21. 98. 71. 93.
9111111111-11111111111 91111119911- 87. 97. 139.

111. G,eysselbaoh Phil, 85. 87.
91111111111111111.1911911111,19.

Collegium l’rlnolplo 1111 9111111). 911111.9119,1)111111., 29. ·

1111111. 91111111,1111., 11. 39.
colleg. sapientiae 52.99.99.199.91111111,1111., 99.
129129139133. 91111111· 91919.
1111111111.1191111111111111 17.
9111111111,9111.111., 1. Hadrianus .8.

Contubernla 1.19.11.91.139.1111111111111111111111 121311. .

9111111111111911111111111 139139.
91111111.11111111.,1.1’11111111,1.11111111 99.
1111111111, 1.11111111,1.Ρ111111111 11111111· 88. 97. 118. 141.
. 19.21.98.99.135.139.1111111111
91111111.111111911111119135139.1111111111
9111111191111111. 1391111111111111111.
9111111111. 1111111111 contulero. llugellua
91111111 1191111111. 98. 191. 199. 123129.
conlabora. 1111111111111111111111 11111111
19135. longuinus

1

 

